stimFileName	silencePre	silencePost	delayPost	intensity	freq	MODE
SIN_100_0_1000	10000	29000	0	0.0	0
SIN_100_0_1000	10000	29000	0	0.0	0
SIN_100_0_1000	10000	29000	0	0.0	0
SIN_100_0_1000	10000	29000	0	0.0	0
SIN_100_0_1000	10000	29000	0	0.0	0
SIN_100_0_4000	1000	1000	0	0	100
SIN_100_0_4000	1000	1000	0	0	100
SIN_100_0_4000	1000	1000	0	0	100
SIN_100_0_4000	1000	1000	0	0	100
SIN_100_0_4000	1000	1000	0	0	100
SIN_100_0_4000	1000	1000	0	0	100
SIN_100_0_4000	1000	1000	0	0	100
SIN_100_0_4000	1000	1000	0	0	100
SIN_100_0_4000	1000	1000	0	0	100
SIN_100_0_4000	1000	1000	0	0	100
SIN_100_0_4000	1000	1000	0	0	100
SIN_100_0_4000	1000	1000	0	0	100
SIN_100_0_4000	1000	1000	0	0	100
SIN_100_0_4000	1000	1000	0	0	100
SIN_100_0_4000	1000	1000	0	0	100
SIN_100_0_4000	1000	1000	0	0	100
SIN_100_0_4000	1000	1000	0	0	100
SIN_100_0_4000	1000	1000	0	0	100
SIN_100_0_4000	1000	1000	0	0	100
SIN_100_0_4000	1000	1000	0	0	100
SIN_100_0_4000	1000	1000	0	0	100
SIN_100_0_4000	1000	1000	0	0	100
SIN_100_0_4000	1000	1000	0	0	100
SIN_100_0_4000	1000	1000	0	0	100
SIN_100_0_4000	1000	1000	0	0	100
SIN_100_0_4000	1000	1000	0	0	100
SIN_100_0_4000	1000	1000	0	0	100
SIN_100_0_4000	1000	1000	0	0	100
SIN_100_0_4000	1000	1000	0	0	100
SIN_100_0_4000	1000	1000	0	0	100
SIN_100_0_1000	10000	29000	0	0.0	0
SIN_100_0_1000	10000	29000	0	0.0	0
SIN_100_0_1000	10000	29000	0	0.0	0
SIN_100_0_1000	10000	29000	0	0.0	0
SIN_100_0_1000	10000	29000	0	0.0	0
