stimFileName	silencePre	silencePost	delayPost	intensity	freq	MODE
SIN_100_0_1000	100000	29000	0	0.0	0
SIN_100_0_1000	100000	29000	0	0.0	0
SIN_100_0_1000	100000	29000	0	0.0	0
SIN_100_0_1000	100000	29000	0	0.0	0
SIN_100_0_1000	100000	29000	0	0.0	0
SIN_1000_0_4000	10000	10000	0	1.0	1000
SIN_1000_0_4000	10000	10000	0	1.0	1000
SIN_1000_0_4000	10000	10000	0	1.0	1000
SIN_1000_0_4000	10000	10000	0	1.0	1000
SIN_1000_0_4000	10000	10000	0	1.0	1000
SIN_1000_0_4000	10000	10000	0	1.0	1000
SIN_1000_0_4000	10000	10000	0	1.0	1000
SIN_1000_0_4000	10000	10000	0	1.0	1000
SIN_1000_0_4000	10000	10000	0	1.0	1000
SIN_1000_0_4000	10000	10000	0	1.0	1000
SIN_1000_0_4000	10000	10000	0	1.0	1000
SIN_1000_0_4000	10000	10000	0	1.0	1000
SIN_1000_0_4000	10000	10000	0	1.0	1000
SIN_1000_0_4000	10000	10000	0	1.0	1000
SIN_1000_0_4000	10000	10000	0	1.0	1000
SIN_1000_0_4000	10000	10000	0	1.0	1000
SIN_1000_0_4000	10000	10000	0	1.0	1000
SIN_1000_0_4000	10000	10000	0	1.0	1000
SIN_1000_0_4000	10000	10000	0	1.0	1000
SIN_1000_0_4000	10000	10000	0	1.0	1000
SIN_1000_0_4000	10000	10000	0	1.0	1000
SIN_1000_0_4000	10000	10000	0	1.0	1000
SIN_1000_0_4000	10000	10000	0	1.0	1000
SIN_1000_0_4000	10000	10000	0	1.0	1000
SIN_1000_0_4000	10000	10000	0	1.0	1000
SIN_1000_0_4000	10000	10000	0	1.0	1000
SIN_1000_0_4000	10000	10000	0	1.0	1000
SIN_1000_0_4000	10000	10000	0	1.0	1000
SIN_1000_0_4000	10000	10000	0	1.0	1000
SIN_1000_0_4000	10000	10000	0	1.0	1000
SIN_100_0_1000	100000	29000	0	0.0	0
SIN_100_0_1000	100000	29000	0	0.0	0
SIN_100_0_1000	100000	29000	0	0.0	0
SIN_100_0_1000	100000	29000	0	0.0	0
SIN_100_0_1000	100000	29000	0	0.0	0
