stimFileName	silencePre	silencePost	delayPost	intensity	freq	MODE
SIN_100_0_1000	30000	29000	0	0.0	0
SIN_100_0_1000	30000	29000	0	0.0	0
SIN_100_0_1000	30000	29000	0	0.0	0
SIN_100_0_1000	30000	29000	0	0.0	0
SIN_100_0_1000	30000	29000	0	0.0	0
SIN_300_0_4000	3000	3000	0	1.5	300
SIN_300_0_4000	3000	3000	0	1.5	300
SIN_300_0_4000	3000	3000	0	1.5	300
SIN_300_0_4000	3000	3000	0	1.5	300
SIN_300_0_4000	3000	3000	0	1.5	300
SIN_300_0_4000	3000	3000	0	1.5	300
SIN_300_0_4000	3000	3000	0	1.5	300
SIN_300_0_4000	3000	3000	0	1.5	300
SIN_300_0_4000	3000	3000	0	1.5	300
SIN_300_0_4000	3000	3000	0	1.5	300
SIN_300_0_4000	3000	3000	0	1.5	300
SIN_300_0_4000	3000	3000	0	1.5	300
SIN_300_0_4000	3000	3000	0	1.5	300
SIN_300_0_4000	3000	3000	0	1.5	300
SIN_300_0_4000	3000	3000	0	1.5	300
SIN_300_0_4000	3000	3000	0	1.5	300
SIN_300_0_4000	3000	3000	0	1.5	300
SIN_300_0_4000	3000	3000	0	1.5	300
SIN_300_0_4000	3000	3000	0	1.5	300
SIN_300_0_4000	3000	3000	0	1.5	300
SIN_300_0_4000	3000	3000	0	1.5	300
SIN_300_0_4000	3000	3000	0	1.5	300
SIN_300_0_4000	3000	3000	0	1.5	300
SIN_300_0_4000	3000	3000	0	1.5	300
SIN_300_0_4000	3000	3000	0	1.5	300
SIN_300_0_4000	3000	3000	0	1.5	300
SIN_300_0_4000	3000	3000	0	1.5	300
SIN_300_0_4000	3000	3000	0	1.5	300
SIN_300_0_4000	3000	3000	0	1.5	300
SIN_300_0_4000	3000	3000	0	1.5	300
SIN_100_0_1000	30000	29000	0	0.0	0
SIN_100_0_1000	30000	29000	0	0.0	0
SIN_100_0_1000	30000	29000	0	0.0	0
SIN_100_0_1000	30000	29000	0	0.0	0
SIN_100_0_1000	30000	29000	0	0.0	0
