stimFileName	silencePre	silencePost	delayPost	intensity	freq	MODE
SIN_100_0_1000	30000	29000	0	0.0	0
SIN_100_0_1000	30000	29000	0	0.0	0
SIN_100_0_1000	30000	29000	0	0.0	0
SIN_100_0_1000	30000	29000	0	0.0	0
SIN_100_0_1000	30000	29000	0	0.0	0
SIN_150_0_4000	3000	3000	0	2.5	150
SIN_150_0_4000	3000	3000	0	2.5	150
SIN_150_0_4000	3000	3000	0	2.5	150
SIN_150_0_4000	3000	3000	0	2.5	150
SIN_150_0_4000	3000	3000	0	2.5	150
SIN_150_0_4000	3000	3000	0	2.5	150
SIN_150_0_4000	3000	3000	0	2.5	150
SIN_150_0_4000	3000	3000	0	2.5	150
SIN_150_0_4000	3000	3000	0	2.5	150
SIN_150_0_4000	3000	3000	0	2.5	150
SIN_150_0_4000	3000	3000	0	2.5	150
SIN_150_0_4000	3000	3000	0	2.5	150
SIN_150_0_4000	3000	3000	0	2.5	150
SIN_150_0_4000	3000	3000	0	2.5	150
SIN_150_0_4000	3000	3000	0	2.5	150
SIN_150_0_4000	3000	3000	0	2.5	150
SIN_150_0_4000	3000	3000	0	2.5	150
SIN_150_0_4000	3000	3000	0	2.5	150
SIN_150_0_4000	3000	3000	0	2.5	150
SIN_150_0_4000	3000	3000	0	2.5	150
SIN_150_0_4000	3000	3000	0	2.5	150
SIN_150_0_4000	3000	3000	0	2.5	150
SIN_150_0_4000	3000	3000	0	2.5	150
SIN_150_0_4000	3000	3000	0	2.5	150
SIN_150_0_4000	3000	3000	0	2.5	150
SIN_150_0_4000	3000	3000	0	2.5	150
SIN_150_0_4000	3000	3000	0	2.5	150
SIN_150_0_4000	3000	3000	0	2.5	150
SIN_150_0_4000	3000	3000	0	2.5	150
SIN_150_0_4000	3000	3000	0	2.5	150
SIN_100_0_1000	30000	29000	0	0.0	0
SIN_100_0_1000	30000	29000	0	0.0	0
SIN_100_0_1000	30000	29000	0	0.0	0
SIN_100_0_1000	30000	29000	0	0.0	0
SIN_100_0_1000	30000	29000	0	0.0	0
